8
13
5
13
19
9
5
9
7
20
17
4
11
8
17
13
4
7
18
6
3
13
9
10
17
7
13
17
13
13
13
5
5
3
9
3
11
13
18
12
8
13
3
1
2
8
10
7
17
13
12
7
19
7
20
11
4
5
2
18
9
5
11
19
16
16
18
3
1
19
8
7
6
13
18
13
2
12
17
13
8
3
7
14
9
9
17
13
2
4
16
12
7
18
11
9
20
8
6
7
8
12
3
2
5
11
2
12
4
3
12
13
16
4
17
16
19
13
8
2
3
13
9
4
6
17
5
7
3
2
12
1
12
9
17
19
17
7
5
7
12
7
3
13
9
16
8
5
9
3
3
3
5
3
4
2
18
2
4
7
19
7
3
12
9
2
12
9
5
5
17
11
3
19
19
5
20
13
3
17
2
16
13
3
2
14
7
8
17
9
17
8
14
8
5
17
9
16
12
3
13
6
13
1
5
4
9
19
8
17
18
13
2
19
7
9
13
8
7
2
13
3
18
7
20
13
7
2
9
13
10
9
2
13
10
7
12
9
17
17
7
13
9
14
7
3
17
13
12
6
9
4
4
13
12
7
7
4
17
8
13
3
8
12
19
8
4
6
7
3
20
2
5
9
4
11
4
11
17
17
14
17
8
13
5
4
18
3
11
8
17
14
3
18
9
13
13
12
8
5
2
11
3
17
1
2
7
13
13
17
10
1
1
16
17
2
3
20
12
4
14
17
3
3
17
2
17
17
2
17
16
13
18
17
2
11
19
20
8
6
17
9
14
9
18
13
9
18
12
17
19
19
8
5
8
4
8
3
19
19
13
13
16
7
9
19
1
13
4
18
7
8
8
3
17
13
8
5
8
17
4
3
2
7
13
17
3
4
8
12
13
20
6
19
8
2
12
5
14
2
19
3
13
8
13
17
2
18
12
7
17
11
17
17
17
10
18
19
5
7
3
19
3
17
9
17
9
9
9
14
3
12
14
13
19
16
7
3
19
2
5
3
13
17
5
16
19
20
13
17
4
19
13
9
12
13
18
7
6
13
5
17
1
6
14
13
1
6
3
8
9
10
5
5
2
12
8
12
17
13
11
13
3
12
3
5
16
2
8
13
8
5
16
3
13
12
17
13
12
7
6
13
5
2
16
12
17
5
13
16
13
20
3
12
7
6
7
3
18
2
9
8
18
20
12
4
4
17
7
17
7
15
4
11
9
19
8
4
12
6
3
13
9
2
8
17
14
20
13
18
2
2
3
9
4
14
13
13
14
8
5
9
3
6
1
13
3
13
3
19
8
16
9
18
5
18
3
9
6
2
12
20
7
13
7
9
18
17
11
4
20
13
6
5
4
12
3
9
18
9
19
17
16
13
7
7
5
14
16
13
5
9
19
19
14
4
1
2
18
8
3
4
10
3
3
17
14
5
5
4
8
11
18
13
13
17
9
7
9
9
18
9
11
9
8
7
9
13
4
17
3
10
13
2
5
13
3
3
16
11
11
20
11
13
2
3
17
5
10
17
13
